-0.948203 -1.76891 -0.707156 -0.00893718 -0.00709107 0.0183146 -0.19704 -0.157723 0.405348 0.51551 
4.02692 3.45231 1.2319 -0.0032499 0.00153221 0.0065771 -0.0849647 0.0425068 0.175564 0.584713 
-3.95605 -1.75448 0.495358 0.00352972 -0.0242409 -0.0175324 0.085188 -0.578968 -0.41914 0.373204 
3.74905 -0.0496939 0.547186 0 0 0 0 0 0 0.163996 
0.964943 -3.44635 3.55891 0.0180884 -0.0141947 -0.00754578 0.440907 -0.346714 -0.18286 0.901244 
2.6484 -2.36186 -2.61099 0.000506268 0.00761227 0.0199494 0.0102618 0.19167 0.499315 0.778652 
0.611576 -3.70552 1.53805 -0.000255574 4.58256e-05 0.00039871 -0.00488043 0.000881932 0.00763151 0.174661 
-1.57231 3.04318 -1.78562 0.00236485 -0.00457689 -0.00290946 0.0626105 -0.120132 -0.0806649 0.540456 
1.65314 -3.58838 3.17849 0.0160485 0.0128096 -0.0228205 0.390113 0.308386 -0.555842 0.902373 
-2.72462 0.14348 3.76914 -0.0107523 -0.00225385 0.00342789 -0.280588 -0.0589163 0.0898302 1.00714 
1.03869 2.14157 2.9891 0.00216725 0.0129558 -0.00943155 0.0590735 0.327311 -0.241023 1.09158 
3.29717 -1.41313 -0.870907 -0.0212894 0.0127466 -0.00995372 -0.52279 0.309932 -0.235966 1.39645 
-2.64432 -2.80475 0.227028 0.00255171 -0.00375297 -0.00168882 0.0694982 -0.101042 -0.0452367 1.17481 
2.60113 1.34226 0.813829 0.0083484 -0.00893036 -0.0119375 0.217299 -0.229841 -0.309076 0.0567483 
-0.384971 3.61533 -0.45517 0 0 0 0 0 0 0.188506 
3.29178 3.60476 3.7142 0.0191727 0.0109591 -0.00104358 0.470702 0.270788 -0.0260373 0.713058 
2.43358 1.60102 0.00281779 -0.0115341 -0.00643957 0.0111158 -0.283326 -0.162135 0.280429 0.679722 
-1.25034 -0.205698 1.85505 0 0 0 0 0 0 0.183869 
0.105396 2.93218 1.64568 0.033466 -0.0115996 0.00826599 0.796317 -0.271141 0.201946 0.972724 
3.19664 3.00421 2.14888 -0.00297884 0.0347047 -0.00623389 -0.0713683 0.828981 -0.146848 0.998053 
-0.845727 -2.00503 2.96978 0.0151229 -0.00564829 -0.013126 0.378886 -0.141927 -0.329911 0.564762 
-0.478294 0.337186 -2.71321 0.007351 -0.0193113 0.0094104 0.188534 -0.48565 0.232775 0.371394 
0.293322 1.83291 -3.54835 -0.0249266 0.00525127 -0.000431843 -0.602852 0.133705 -0.00658477 0.266122 
-1.65206 -0.319966 2.88147 -0.00110243 0.00384925 7.89883e-05 -0.0297511 0.105593 0.00258431 0.116337 
-1.03483 2.44373 2.92391 0 0 0 0 0 0 0.00489775 
-3.0985 1.71774 0.763199 0.00172426 0.000712707 -0.0110465 0.0416879 0.0134162 -0.289694 0.601406 
-3.31311 -1.05044 -3.65525 0.0222646 -0.0375546 0.00129872 0.511295 -0.828365 0.058268 0.146305 
1.01964 1.32202 -1.96118 0.0320167 -0.0432929 -0.00542026 0.743899 -1.00501 -0.12031 0.339118 
-2.49355 -0.152917 3.11287 -0.0073723 0.0130885 -0.00886983 -0.185586 0.33895 -0.227761 0.593722 
-2.20338 3.18033 2.1056 -0.0114866 0.00854818 0.00264189 -0.29534 0.220729 0.0625075 1.2554 
-1.12898 -0.896538 0.799212 -0.0127485 -0.0254515 0.00450887 -0.305592 -0.61817 0.106445 0.284123 
2.5717 0.97711 -0.771633 -0.00984369 0.013202 -0.0086004 -0.249827 0.33419 -0.216917 0.397226 
2.69954 3.63706 -2.71625 0.0279868 -0.00631484 -0.0128993 0.682082 -0.155948 -0.312985 1.47498 
3.4738 3.75854 1.9604 -0.0251616 0.0383313 -0.0142729 -0.59476 0.897587 -0.339437 0.894301 
-0.347377 -1.09825 -3.73186 0.0131618 -0.0106379 -0.00231396 0.332915 -0.271599 -0.0602644 1.10665 
0.364261 2.41762 2.35565 -0.0375799 -0.0250003 0.0140746 -0.865673 -0.591316 0.331579 0.772192 
0.319976 -1.22592 3.43541 0.00760502 -0.0826487 -0.0372387 0.169454 -1.8551 -0.825891 0.807654 
-3.83737 0.302978 -2.20074 0.0100941 -0.00564965 -0.00642523 0.266185 -0.150013 -0.168267 0.404538 
3.15581 1.13592 0.999674 0.0194741 0.00397063 -0.00231662 0.49273 0.0988585 -0.0576523 0.177642 
3.70843 3.41013 3.43717 -0.00629162 0.0599265 0.00334401 -0.13597 1.3823 0.0777506 1.12587 
-2.29185 3.02668 -0.489741 0.0061144 -0.0061305 0.0070064 0.159681 -0.159956 0.183497 0.197105 
-0.425909 2.66024 -4.01941 0.055753 0.00823548 0.0111303 1.3022 0.192145 0.258227 1.09342 
-3.16695 3.20182 1.87199 -0.0175277 0.00713921 0.0137486 -0.443047 0.179606 0.345449 0.371943 
2.30972 0.96437 1.54545 0.00718312 0.0575257 0.00946861 0.169859 1.32447 0.210383 1.17234 
1.45881 3.93927 -0.32963 -0.0173714 0.0159026 -0.00284441 -0.422716 0.396068 -0.0685808 0.137949 
-3.03622 2.0325 -2.52132 -0.0256987 -0.0465268 -0.0164871 -0.605787 -1.06504 -0.384042 0.439523 
4.0491 3.61953 -1.88498 -0.0151547 0.00201426 -0.00852921 -0.391747 0.0465574 -0.219109 1.03532 
1.95496 -1.77035 -2.24746 -0.0205246 0.0843461 -0.00697487 -0.473774 1.889 -0.155682 1.21284 
3.34721 3.61982 2.3542 -0.000258109 0.000469698 -1.47232e-05 -0.00557641 0.0100979 -0.000351573 0.3319 
0.962316 -3.47279 -2.62945 -0.0211853 0.00367555 -0.00913737 -0.533362 0.0934538 -0.228276 0.616682 
-1.72776 1.30488 -1.41878 0 0 0 0 0 0 0.283229 
2.58793 0.590506 1.64309 0.000224366 0.00658941 -0.00370288 0.00597433 0.169785 -0.0947834 0.357765 
-2.40964 3.78042 1.15507 -0.0134 -0.0317192 -0.00209562 -0.319017 -0.757486 -0.0476957 0.762402 
3.1996 -3.48173 2.6993 -0.00657334 -0.000168782 -0.0171021 -0.167998 -0.00257697 -0.436589 0.742818 
3.96579 1.36553 -0.945361 -0.0604501 0.018757 -0.00839165 -1.38924 0.43079 -0.203401 0.890249 
1.74698 3.7054 1.0678 0.00155461 0.00480421 0.00220831 0.0456414 0.131331 0.0599634 0.705918 
3.37713 1.07764 -1.62389 -0.000918144 -0.0227264 -0.00753899 -0.0216858 -0.562976 -0.189884 0.503099 
-2.82852 -4.12832 2.44169 -0.00328375 -0.0174082 0.00608604 -0.0825351 -0.440704 0.151884 0.251888 
-3.10997 -2.8508 3.43515 0.0290087 0.0495655 -0.0429765 0.654731 1.1296 -0.973349 0.395076 
-1.97967 -1.05613 -1.5281 -0.00540421 -0.0142281 -0.0182028 -0.134665 -0.355518 -0.462109 0.553926 
2.70974 3.27674 -2.61545 0.0105804 -0.0105333 -0.0390301 0.263084 -0.24452 -0.933335 1.34802 
2.82227 0.973815 -3.45524 0 0 0 0 0 0 0.167485 
0.756015 -3.47254 3.81505 -0.0142343 0.00446738 -0.0299152 -0.341 0.111838 -0.729516 0.915021 
1.35524 -3.46115 -3.54377 -0.00443859 0.00504473 0.00438115 -0.118122 0.133754 0.115029 0.297619 
2.86512 -1.83873 4.04373 0.00455932 -0.00254327 -0.012042 0.11326 -0.0657236 -0.310654 0.153663 
0.133698 2.8298 0.332105 -0.0265949 -0.00826291 -0.017928 -0.628632 -0.196074 -0.422735 0.285714 
-1.01602 -3.93532 3.4918 0.0486363 0.0513921 0.0253432 1.10438 1.1602 0.561404 0.54178 
2.2662 2.236 0.104994 0.000852803 0.00878272 -0.0224078 0.0193932 0.222542 -0.570085 0.96425 
0.504433 -0.561182 -1.07868 -0.0403131 -0.0140688 -0.00591194 -0.956813 -0.329285 -0.137012 0.78444 
-0.488599 3.97225 1.79062 -0.000744447 0.00496072 0.00720642 -0.0210706 0.135286 0.195214 0.319821 
1.6507 2.88069 1.11817 0.00139272 0.0226525 -0.0354416 0.0302738 0.536262 -0.841336 0.699505 
-3.78744 -0.5168 2.81915 -0.00544113 9.04945e-05 0.0251057 -0.139346 0.00465463 0.622708 0.841708 
0.168611 -1.76664 -1.78774 0.0108347 -0.0105447 0.0147969 0.271934 -0.264693 0.372161 0.558264 
2.45669 -0.234136 0.757695 0.0209292 -0.00633169 0.0126905 0.509795 -0.154565 0.316853 0.635496 
2.5838 -2.52704 -1.29129 -0.0110794 -0.0488917 -0.00321568 -0.257392 -1.13393 -0.0868341 0.911373 
-3.1147 1.91395 -2.22554 0.00946135 0.00583567 0.0074503 0.239286 0.153937 0.197684 0.428957 
2.67576 -2.00982 -3.64062 -0.00402806 0.0511661 0.0215226 -0.0826141 1.12411 0.467509 0.414545 
-0.0157821 1.74334 2.8632 0 0 0 0 0 0 0.136871 
-1.07492 2.15047 2.02543 0.00214195 -0.00067466 -0.00533308 0.0594658 -0.019089 -0.143616 0.436047 
2.22687 -0.832856 1.43718 -0.00240463 0.010066 0.0113616 -0.0612186 0.256727 0.290495 0.801447 
-3.57976 0.467766 -2.00577 -0.012142 0.0013144 0.0326833 -0.285187 0.0325032 0.782689 0.387544 
-0.803897 0.87564 -0.784751 0.00223911 -0.0285037 -0.00826149 0.0460697 -0.683581 -0.191154 0.471351 
0.35542 3.4155 -2.25321 -0.00251689 -0.00459634 -0.00735122 -0.0671752 -0.124945 -0.198809 0.0394977 
1.7292 4.11441 1.42241 -0.0102702 -0.0217188 -0.026833 -0.237294 -0.515034 -0.641993 0.932595 
2.03429 1.31114 3.54286 -0.00864732 0.00966947 0.0102348 -0.223629 0.245054 0.260648 1.25607 
-2.03233 1.18276 -0.253038 0.0265583 -0.0374382 -0.0231763 0.620752 -0.87011 -0.541709 0.0310906 
-3.76776 -3.04857 -1.85004 0.0217225 -0.0229403 -0.00410175 0.529475 -0.561937 -0.0999816 0.492516 
3.5245 1.48955 2.055 -0.00345507 -0.00215302 0.0142955 -0.0940718 -0.0596042 0.359722 0.285579 
-2.30935 1.29914 -2.585 -0.0242647 0.00644447 0.0132225 -0.58603 0.165109 0.331471 0.583403 
-0.567729 0.287484 1.25357 -0.00855588 -0.0150584 -0.014441 -0.214735 -0.371351 -0.36299 1.07126 
-0.75254 0.326898 -1.56135 -0.00841393 -0.0223512 0.0176295 -0.203792 -0.538088 0.429046 0.706519 
-2.83298 1.44652 3.55582 0.00518112 0.00634458 -0.00910068 0.139224 0.164308 -0.235146 0.471269 
1.6678 -3.5856 2.5666 -0.0040063 0.00198835 0.0071655 -0.105948 0.050882 0.190808 0.204206 
3.19779 1.11192 -2.69895 -0.00412964 -0.000710373 -0.0073602 -0.108749 -0.019188 -0.193114 0.771922 
2.9192 -3.03034 1.98862 -0.0151076 0.010301 0.00454406 -0.379211 0.264329 0.113194 0.345357 
-0.70222 -3.04678 -1.67892 0.00908684 -0.0027564 -0.00883967 0.235057 -0.0735159 -0.228494 0.349337 
0.460574 -3.42998 1.50867 0 0 0 0 0 0 0.0414991 
-2.94814 -0.934145 -3.26518 -0.0252516 0.0244643 0.0371633 -0.597283 0.549306 0.85655 0.591375 
2.61535 2.46052 0.909324 0.0742595 -0.0133691 -0.0129061 1.67672 -0.309866 -0.285699 0.898373 
-3.15864 2.13321 -3.51085 -0.0430792 0.012558 0.0627561 -0.979968 0.287022 1.45551 1.05913 
3.35202 -0.224888 -1.83752 0.00197074 0.0111372 0.00479256 0.0525318 0.291291 0.125425 1.32531 
2.54159 -2.30727 -3.01641 0.000825534 0.0182053 0.00856416 0.0113131 0.456091 0.217424 0.718921 
0.0133197 -3.05915 -3.41045 -0.0510181 -0.0282325 0.00283887 -1.19806 -0.665027 0.0732208 1.47397 
-0.828974 -2.08177 0.2605 -0.00890774 0.0096232 0.00772529 -0.223486 0.241245 0.184018 0.209409 
0.11255 -2.71492 -0.112541 0.00954985 -0.00534479 0.0104257 0.252051 -0.139211 0.268917 0.893564 
3.34155 -1.2063 2.31121 0.000955462 0.00312118 0.00221535 0.025772 0.089069 0.0579986 0.50013 
3.78713 2.89757 2.76475 -0.0201648 -0.00335242 -0.00197622 -0.502507 -0.0838524 -0.0497228 0.756993 
0.0443409 3.76188 -1.37645 -0.0125715 -0.0398137 0.000270644 -0.294672 -0.939406 0.00248538 1.03481 
-2.45433 1.89173 3.63813 0.0208437 -0.00676839 -0.0341336 0.492753 -0.159713 -0.819318 0.454037 
2.1318 -1.17386 4.08827 0.0239728 -0.0201345 -0.0630356 0.547445 -0.450591 -1.41576 0.365404 
1.19203 1.79296 0.538417 0.0308398 -0.0227649 -0.010509 0.748242 -0.548477 -0.254177 0.342036 
-0.863645 -3.18532 1.55701 -0.016898 -0.0059803 -0.00503958 -0.425325 -0.153264 -0.136531 0.663795 
3.5686 -0.925943 1.44505 -0.0211471 0.011798 -0.0100371 -0.527031 0.294619 -0.248193 1.40568 
-3.45495 2.36553 -4.0202 0.00677829 -0.0341552 0.0433174 0.157301 -0.774527 1.00137 0.389589 
1.17337 1.64564 1.67882 -0.00978452 0.0121793 -0.00367838 -0.248552 0.312208 -0.0927968 0.628114 
-2.00772 -3.61588 2.09917 -0.00348712 0.0375854 0.044078 -0.074381 0.867502 1.00065 0.911806 
-3.9358 0.0513066 4.06556 -0.00682532 0.00160554 0.0141287 -0.177591 0.0412101 0.363837 1.16152 
2.36638 4.10655 -0.957864 -0.00261601 -0.0196759 0.00782936 -0.0609655 -0.495924 0.19405 0.97754 
0.500302 -1.84865 -3.15534 0.00680034 -0.00332774 0.0114018 0.174944 -0.089195 0.29448 0.921384 
-2.48885 -3.11514 2.35226 0.0038221 -0.0271352 0.0200012 0.0960402 -0.656392 0.481352 0.913853 
2.47111 -4.06562 -2.69463 -0.0264877 0.012623 -0.0144046 -0.640625 0.304693 -0.348069 0.77545 
-2.46793 -2.44099 -3.07364 -0.018334 0.0501312 -0.0228255 -0.425744 1.13801 -0.540543 0.509289 
0.701435 -0.825155 -0.518816 -0.0225339 0.00373197 0.0369244 -0.5396 0.0903606 0.891044 0.98918 
3.38477 2.56375 -1.77877 0.028999 0.0219944 0.0121725 0.692078 0.516274 0.299357 0.761389 
1.56829 -0.480732 -3.04124 0.0453899 0.0106713 0.0426827 1.05323 0.245761 0.996043 0.801747 
-2.4554 -0.597952 -0.105768 0.00818339 -0.0587675 -0.0432654 0.179461 -1.3467 -0.986537 1.30133 
-0.149609 -3.31912 -3.07886 -0.0112408 0.00660026 0.0298667 -0.264556 0.180398 0.723616 0.109211 
3.05696 -0.240511 -3.90926 -0.0213149 -0.0247776 -0.00117261 -0.505152 -0.590903 -0.0300246 0.840863 
-2.11946 -1.29276 -4.11589 0.0338768 0.0377392 -0.0261854 0.774523 0.862466 -0.59126 0.612551 
3.42114 -2.54201 3.36061 0.00112699 0.046438 0.00290396 0.0193839 1.11386 0.054183 0.227588 
0.168675 3.96479 -1.50784 -0.0126285 -0.00740793 0.0139452 -0.322137 -0.201129 0.353555 0.421069 
-0.989838 0.878359 -1.29139 -0.0181635 -0.032313 0.0340835 -0.417942 -0.753991 0.79914 1.13432 
-3.43163 1.52415 2.3994 -0.00132243 0.000953527 0.00672282 -0.0376572 0.0330067 0.177367 0.574636 
1.19774 0.831459 2.36622 0.0238 -0.0130192 0.000497334 0.573183 -0.318305 0.00876792 0.531477 
-0.424246 -1.61164 -3.74792 0.0152879 0.0239624 -0.00907269 0.368621 0.588683 -0.222241 0.783959 
-3.11968 1.52343 3.25373 0 0 0 0 0 0 0.1103 
-2.4801 -1.42952 -1.86893 0 0 0 0 0 0 0.209652 
2.33044 1.46873 2.27868 0.00569726 -0.0109401 0.0395028 0.127414 -0.237982 0.897133 0.430513 
-3.84026 -0.609485 2.69575 -0.0032437 -0.0122816 -0.00924789 -0.0824779 -0.316299 -0.239231 1.19612 
-0.820667 -1.16515 3.03889 -0.0346367 -0.00395086 0.0418863 -0.790269 -0.0913751 0.957794 0.189884 
-1.478 2.90423 -3.30753 0.028073 -0.00275499 0.0433826 0.663538 -0.0663561 1.02458 0.82734 
-3.96137 -2.55938 -1.99331 0.00114785 0.00127526 -0.00128481 0.0259202 0.028392 -0.0289556 0.0727152 
2.42602 -1.82489 3.72091 0.00389312 0.00454716 -0.0152306 0.100088 0.116665 -0.390529 0.835119 
0.435042 -1.66963 1.05749 -0.00193223 -0.00356891 0.00414795 -0.0495278 -0.0951978 0.106842 0.673071 
4.09003 3.54505 1.16074 0.008804 -0.014837 0.0084221 0.222509 -0.37295 0.211957 0.665442 
-2.69701 1.67938 2.03842 -0.0113936 0.00976419 -0.0184887 -0.282301 0.24213 -0.460703 0.836554 
-1.20171 2.48731 -1.32248 0 0 0 0 0 0 0.0991051 
-3.60058 -1.50267 -0.122997 -0.0602858 -0.00190278 -0.0518302 -1.34549 -0.0424216 -1.15865 1.61675 
2.35517 2.89424 2.43556 0.0307837 0.0147198 -0.0359594 0.720467 0.331503 -0.850536 0.612575 
3.30736 3.83926 0.694102 -0.0276566 0.0140792 0.00800718 -0.68136 0.343162 0.199191 1.23503 
1.05276 -2.85269 3.72565 0.0150094 0.0418702 -0.00644879 0.361551 0.989895 -0.160316 0.514437 
-0.196197 -3.93088 2.7533 -0.0214163 -0.0133435 -0.0131595 -0.524505 -0.324033 -0.325844 0.618644 
3.28131 3.64027 2.47235 0 0 0 0 0 0 0.0626635 
0.0259497 3.33309 -0.0459288 -0.000943657 0.00657877 -0.0392948 -0.0318412 0.166467 -0.92248 0.669378 
-2.40129 -1.47975 0.698746 0.0138856 0.0438604 -0.00941116 0.325352 1.03177 -0.217419 0.247962 
-3.1221 1.01819 -1.92258 -0.00527422 0.00588694 0.00182553 -0.13977 0.157914 0.0488008 0.390074 
0.985048 -1.35693 0.363161 0.00169892 0.0181017 -0.00190771 0.0443078 0.456137 -0.0473045 0.638026 
0.33887 0.903617 -3.42166 0.02243 0.0362812 0.0430413 0.512426 0.83325 0.988545 1.45816 
1.25868 3.39457 2.39871 -0.0102702 0.0219468 -0.00979061 -0.266093 0.544283 -0.239916 0.370458 
3.9138 -3.40131 0.593903 -0.0215248 0.0189646 0.0147571 -0.524896 0.462214 0.359171 0.460146 
2.87953 -2.87942 -1.52037 0.0155104 -0.0137839 0.0499478 0.359325 -0.31744 1.16024 0.774685 
-1.68728 -1.52846 -1.84885 -0.0118707 -0.0330559 -0.0540026 -0.270675 -0.771579 -1.24137 1.05989 
0.157188 -4.01271 -3.64007 -0.00791827 -0.000480871 -0.0251373 -0.200034 -0.0212754 -0.633599 0.234992 
-1.45093 -3.9541 2.52631 -0.00621754 -0.00878014 0.0254461 -0.151759 -0.218812 0.631542 0.109656 
4.05437 1.02653 -0.359144 -0.00821682 0.0311395 -0.0416434 -0.193179 0.742779 -0.968195 0.899366 
1.07679 -3.96381 2.73333 0.0474004 -0.0246638 0.0474585 1.10291 -0.558147 1.1054 0.787717 
-1.87004 1.83623 2.1136 0.0149567 0.0411686 0.0891106 0.349254 0.917608 1.97335 0.416167 
-2.18296 3.60755 -4.08067 -0.0117894 -0.0213136 0.0175907 -0.288159 -0.531358 0.440827 1.21373 
3.34109 -0.217541 -1.21147 0.0315511 0.0597031 0.0419597 0.719576 1.32843 0.938425 0.127311 
0.0199043 -1.03918 -0.795956 -0.0044802 -0.00198391 0.0173637 -0.11245 -0.0549407 0.445142 0.713701 
3.56456 -2.77844 3.98547 0 0 0 0 0 0 0.323435 
1.33009 2.81686 0.518219 -0.00961778 -0.0095438 -0.0107999 -0.252213 -0.231146 -0.277734 0.257825 
-3.05075 1.00231 -2.11231 -0.00167524 -0.00203418 -0.0258248 -0.04036 -0.0518328 -0.632802 0.86864 
1.74728 -2.68362 -1.35555 0.00131654 0.000226071 0.0100274 0.0327794 0.00744631 0.260567 1.07423 
0.102952 -1.72796 -3.81239 -0.0127358 0.017011 -0.00439963 -0.314673 0.424489 -0.10794 1.26741 
1.53505 -3.29271 3.423 0 0 0 0 0 0 0.225093 
-3.09903 3.08747 -3.63883 0.0118576 -0.0239549 -0.0904548 0.263685 -0.537954 -2.01757 1.24543 
0.208839 -2.16179 4.00331 0.0488054 0.00797622 -0.0616088 1.0935 0.183568 -1.38961 0.781239 
0.714594 -2.87698 3.91033 0 0 0 0 0 0 0.290989 
0.97491 0.889083 -2.95639 -0.0315334 -0.0356471 -0.00468661 -0.746847 -0.848451 -0.110926 1.5639 
-0.322487 -0.773971 0.209808 0.022479 -0.000301667 -0.0175923 0.554806 -0.00078942 -0.436157 0.841375 
-2.29477 -2.05716 1.02195 0 0 0 0 0 0 0.0731437 
-2.29232 -0.169509 2.20432 0.0357005 -0.00850321 0.00594383 0.856054 -0.202713 0.138834 0.894192 
-1.08536 1.15597 3.81241 0.00955332 0.0121748 0.025966 0.235341 0.303242 0.637525 0.997581 
-0.669259 -3.24465 1.77843 -0.0362075 -0.0874504 -0.00180591 -0.806811 -1.93664 -0.0222545 0.632887 
-0.236965 2.34834 -0.567706 0.0370937 -0.00213839 0.0105754 0.893912 -0.0611664 0.26006 0.189504 
2.09007 0.481958 3.4975 0.00941332 0.00541963 0.0111828 0.242404 0.142396 0.286145 0.404346 
1.51248 1.62662 -2.68703 -0.0118891 0.00542478 -0.00261206 -0.306019 0.139664 -0.0662173 0.633597 
-2.62391 3.12175 1.94037 0.00192523 0.00297131 -0.0202465 0.0483433 0.0757047 -0.506965 0.289311 
-4.06027 -1.30987 3.66629 -0.00266604 -0.00183964 0.00108748 -0.0766119 -0.052545 0.0312994 0.138345 
-3.28663 1.09762 2.24203 0.00210007 -0.0225767 0.00844588 0.0473563 -0.554421 0.202766 0.604265 
0.453153 3.42797 3.36088 0.0485403 -0.0257553 0.0454108 1.09304 -0.590284 1.05459 1.49847 
2.38793 1.16815 0.399828 0.00639929 0.0240578 0.0170821 0.158155 0.594892 0.42645 0.792672 
0.455803 0.176085 -0.952296 0.00836128 0.00647807 0.000531524 0.217296 0.168973 0.0135304 0.127521 
3.64453 0.232637 -2.77803 -0.0491258 0.00200769 0.00750564 -1.15445 0.0366877 0.174173 0.833787 
0.0212977 -3.52837 3.40226 0.0111519 -0.0207746 -0.00962815 0.280247 -0.51812 -0.24299 1.00087 
1.39518 3.77429 2.59712 0.0340091 -0.0497064 0.00243457 0.790569 -1.15149 0.0462267 1.2575 
2.30304 2.4834 3.23884 -0.035317 0.00551367 -0.00271329 -0.843861 0.136288 -0.0492232 0.27434 
-0.819182 1.9898 -3.56522 0.00164218 0.0800238 -0.00747813 0.0444581 1.84224 -0.161008 1.82727 
-2.17373 -3.51575 0.87934 0.0176528 -0.0273026 0.00848955 0.442029 -0.678067 0.208566 0.907223 
