-0.948421 -1.76908 -0.706709 -0.011874 -0.00946574 0.024383 0.51551 
4.02684 3.45234 1.23206 -0.00425637 0.00206711 0.00870387 0.584713 
-3.95597 -1.75508 0.494931 0.00467472 -0.0319347 -0.0231081 0.373204 
3.74905 -0.0496939 0.547186 0 0 0 0.163996 
0.965382 -3.44669 3.55872 0.0236106 -0.018548 -0.00982129 0.901244 
2.64841 -2.36168 -2.6105 0.0006013 0.0100119 0.0261599 0.778652 
0.611571 -3.70552 1.53806 -0.000283822 5.09973e-05 0.000443056 0.174661 
-1.57225 3.04306 -1.7857 0.00306795 -0.00591291 -0.0038594 0.540456 
1.65353 -3.58807 3.17794 0.0211481 0.0167972 -0.0301029 0.902373 
-2.72489 0.143425 3.76922 -0.0140458 -0.00294665 0.004487 1.00714 
1.03874 2.14189 2.98887 0.00293182 0.0168782 -0.0123565 1.09158 
3.29665 -1.41282 -0.871147 -0.0279603 0.016658 -0.0128449 1.39645 
-2.64426 -2.80485 0.226987 0.00334143 -0.00488645 -0.00219379 1.17481 
2.60133 1.34204 0.813536 0.0110676 -0.0117711 -0.0157828 0.0567483 
-0.384971 3.61533 -0.45517 0 0 0 0.188506 
3.29224 3.60503 3.71417 0.0249998 0.0143363 -0.001372 0.713058 
2.4333 1.60086 0.00308806 -0.0148595 -0.00839773 0.0145087 0.679722 
-1.25034 -0.205698 1.85505 0 0 0 0.183869 
0.10621 2.9319 1.64589 0.043983 -0.0151074 0.0110117 0.972724 
3.19657 3.00506 2.14873 -0.00390373 0.0454035 -0.00809936 0.998053 
-0.84536 -2.00517 2.96946 0.0197383 -0.00738323 -0.017159 0.564762 
-0.478114 0.336715 -2.71298 0.00976179 -0.0253936 0.0122723 0.371394 
0.292719 1.83304 -3.54836 -0.0323453 0.0069914 -0.000460805 0.266122 
-1.65209 -0.319872 2.88148 -0.00143323 0.0050442 0.000113235 0.116337 
-1.03483 2.44373 2.92391 0 0 0 0.00489775 
-3.09846 1.71775 0.762929 0.00217502 0.000805129 -0.014492 0.601406 
-3.31258 -1.05134 -3.65521 0.0290758 -0.0480529 0.00251798 0.146305 
1.02042 1.32097 -1.96131 0.0420996 -0.0569029 -0.00696736 0.339118 
-2.49373 -0.152597 3.11266 -0.00954506 0.0171818 -0.0115957 0.593722 
-2.20366 3.18054 2.10566 -0.0149902 0.0111778 0.00331338 1.2554 
-1.12929 -0.897156 0.799321 -0.0165771 -0.0333118 0.00581888 0.284123 
2.57146 0.977432 -0.771842 -0.0128935 0.0172698 -0.0112303 0.397226 
2.70022 3.63691 -2.71657 0.0368367 -0.0083673 -0.0169404 1.47498 
3.47319 3.75947 1.96005 -0.0332187 0.0503623 -0.0189027 0.894301 
-0.347058 -1.09851 -3.73192 0.0170874 -0.0138735 -0.00304785 1.10665 
0.363352 2.41701 2.35599 -0.0489672 -0.0330176 0.0185489 0.772192 
0.32016 -1.22793 3.4345 0.00996826 -0.108775 -0.0487025 0.807654 
-3.83712 0.30284 -2.2009 0.0131891 -0.00740642 -0.00836747 0.404538 
3.15628 1.13602 0.999618 0.025449 0.00514828 -0.00300294 0.177642 
3.70828 3.41159 3.43725 -0.0080147 0.0789429 0.00442475 1.12587 
-2.2917 3.02653 -0.48957 0.00794487 -0.00796215 0.00911615 0.197105 
-0.424549 2.66044 -4.01914 0.0736899 0.0108776 0.0146585 1.09342 
-3.16738 3.202 1.87233 -0.0229844 0.00934002 0.0179753 0.371943 
2.30989 0.965767 1.54568 0.00956226 0.0755301 0.0122065 1.17234 
1.45839 3.93965 -0.329698 -0.0223693 0.0207139 -0.00364435 0.137949 
-3.03685 2.03137 -2.52172 -0.0340723 -0.0607612 -0.0217259 0.439523 
4.04873 3.61958 -1.88519 -0.019872 0.00250402 -0.0111501 1.03532 
1.95446 -1.76831 -2.24763 -0.0274219 0.110923 -0.00915593 1.21284 
3.3472 3.61983 2.3542 -0.000300711 0.000546331 -1.77565e-05 0.3319 
0.961799 -3.4727 -2.62967 -0.0278219 0.00485068 -0.0119541 0.616682 
-1.72776 1.30488 -1.41878 0 0 0 0.283229 
2.58794 0.590665 1.643 0.000292996 0.00847384 -0.00474731 0.357765 
-2.40996 3.77965 1.15502 -0.0175646 -0.0416426 -0.00268561 0.762402 
3.19944 -3.48173 2.69889 -0.00863197 -0.000177486 -0.0224444 0.742818 
3.96432 1.36599 -0.945569 -0.079768 0.024744 -0.0113888 0.890249 
1.74702 3.70552 1.06785 0.00211046 0.00629643 0.00288519 0.705918 
3.37711 1.07708 -1.62407 -0.00117206 -0.0297096 -0.00993728 0.503099 
-2.8286 -4.12875 2.44183 -0.00428145 -0.0227796 0.0079077 0.251888 
-3.10927 -2.8496 3.43411 0.0381159 0.0654515 -0.0565654 0.395076 
-1.9798 -1.05647 -1.52854 -0.00702446 -0.0185212 -0.0238856 0.553926 
2.71 3.27648 -2.6164 0.0141995 -0.0136502 -0.051333 1.34802 
2.82227 0.973815 -3.45524 -1.39485e-05 2.43699e-06 -3.28198e-06 0.167485 
0.75567 -3.47243 3.81432 -0.018619 0.00597621 -0.0394835 0.915021 
1.35513 -3.46103 -3.54366 -0.00579353 0.00657293 0.00568145 0.297619 
2.86523 -1.83879 4.04343 0.00584639 -0.00332367 -0.0157239 0.153663 
0.133055 2.8296 0.331671 -0.0346499 -0.0107866 -0.0233299 0.285714 
-1.01484 -3.93407 3.49241 0.0641584 0.0675956 0.0330022 0.54178 
2.26622 2.23622 0.104447 0.00105943 0.0115026 -0.0294303 0.96425 
0.503453 -0.561522 -1.07883 -0.0528907 -0.0183281 -0.00766181 0.78444 
-0.488617 3.97237 1.7908 -0.00100234 0.00655531 0.00949102 0.319821 
1.65074 2.88124 1.1173 0.00175433 0.029773 -0.0466484 0.699505 
-3.78757 -0.516797 2.81977 -0.00723926 0.000181643 0.0328675 0.841708 
0.168875 -1.76689 -1.78738 0.0141738 -0.013795 0.0193767 0.558264 
2.4572 -0.234289 0.758005 0.0272329 -0.0082498 0.0167199 0.635496 
2.58353 -2.52822 -1.29137 -0.0145503 -0.0641496 -0.00457366 0.911373 
-3.11448 1.91409 -2.22536 0.012174 0.00765566 0.0098016 0.428957 
2.67566 -2.00859 -3.64011 -0.005005 0.0658065 0.0275292 0.414545 
-0.0157821 1.74334 2.8632 0 0 0 0.136871 
-1.07486 2.15046 2.0253 0.00283775 -0.000902122 -0.0069626 0.436047 
2.22682 -0.832611 1.43746 -0.00313893 0.013154 0.0148647 0.801447 
-3.58006 0.467799 -2.00497 -0.0158008 0.00175527 0.0429511 0.387544 
-0.803845 0.87495 -0.784949 0.00270662 -0.0370636 -0.0105563 0.471351 
0.355359 3.41539 -2.25339 -0.003299 -0.00608021 -0.00969942 0.0394977 
1.72895 4.11388 1.42175 -0.0132602 -0.0284189 -0.0352686 0.932595 
2.03408 1.31137 3.54311 -0.0113673 0.0125856 0.0133528 1.25607 
-2.03168 1.18185 -0.253602 0.0350304 -0.0492414 -0.0305707 0.0310906 
-3.76723 -3.04913 -1.85014 0.0284249 -0.0300925 -0.00536748 0.492516 
3.52441 1.4895 2.05535 -0.00463704 -0.00291404 0.0184492 0.285579 
-2.30993 1.2993 -2.58468 -0.0316123 0.00865212 0.0175536 0.583403 
-0.567937 0.287119 1.25322 -0.0112351 -0.0196003 -0.0189762 1.07126 
-0.752745 0.326356 -1.56093 -0.011005 -0.0291439 0.023113 0.706519 
-2.83286 1.44667 3.5556 0.00687309 0.00826658 -0.0118449 0.471269 
1.6677 -3.58555 2.56678 -0.0052281 0.00255401 0.0093817 0.204206 
3.19769 1.1119 -2.69912 -0.00538313 -0.000937701 -0.00957818 0.771922 
2.91883 -3.03009 1.98873 -0.0197685 0.013628 0.00592385 0.345357 
-0.701998 -3.04684 -1.67913 0.0118839 -0.00366007 -0.0115566 0.349337 
0.460574 -3.42998 1.50867 0 0 0 0.0414991 
-2.94876 -0.933556 -3.26427 -0.033644 0.0317338 0.0488565 0.591375 
2.61715 2.46019 0.909012 0.0974775 -0.0177929 -0.0167685 0.898373 
-3.15968 2.13351 -3.50932 -0.0563797 0.0164635 0.0829635 1.05913 
3.35207 -0.224617 -1.8374 0.00258472 0.014475 0.00623046 1.32531 
2.54161 -2.30683 -3.01621 0.000835405 0.0236921 0.0112181 0.718921 
0.0120732 -3.05984 -3.41038 -0.0676442 -0.0375058 0.00396155 1.47397 
-0.829189 -2.08153 0.260683 -0.0114578 0.0123729 0.00969865 0.209409 
0.112784 -2.71505 -0.112287 0.0126369 -0.00702727 0.0136418 0.893564 
3.34157 -1.20623 2.31126 0.00124775 0.00416339 0.00283591 0.50013 
3.78664 2.89749 2.7647 -0.0263735 -0.00439261 -0.00259694 0.756993 
0.0440357 3.76091 -1.37644 -0.0164716 -0.052346 0.000243438 1.03481 
-2.45382 1.89157 3.6373 0.027248 -0.00883974 -0.0449631 0.454037 
2.13238 -1.17434 4.08674 0.0315813 -0.0262437 -0.0823173 0.365404 
1.19278 1.7924 0.538162 0.0404979 -0.0297873 -0.0137794 0.342036 
-0.864055 -3.18547 1.55688 -0.021933 -0.0078294 -0.00678342 0.663795 
3.56808 -0.925655 1.44481 -0.0278254 0.0155394 -0.0131557 1.40568 
-3.45479 2.3647 -4.01915 0.00893231 -0.0444779 0.0569673 0.389589 
1.17313 1.64593 1.67873 -0.0126895 0.0158655 -0.00475466 0.628114 
-2.0078 -3.61496 2.10024 -0.0044101 0.0494732 0.057525 0.911806 
-3.93597 0.0513456 4.0659 -0.00894645 0.00209002 0.0184257 1.16152 
2.36632 4.10607 -0.957674 -0.00330242 -0.0258009 0.0101819 0.97754 
0.500468 -1.84874 -3.15507 0.00886766 -0.00442859 0.0148968 0.921384 
-2.48875 -3.1158 2.35275 0.00513415 -0.0357465 0.0262803 0.913853 
2.47047 -4.06532 -2.69498 -0.034721 0.0165298 -0.0188731 0.77545 
-2.46837 -2.43978 -3.0742 -0.0241904 0.0653819 -0.0304289 0.509289 
0.700887 -0.825064 -0.517915 -0.0295999 0.00493044 0.0486919 0.98918 
3.38547 2.56428 -1.77847 0.0378657 0.0284825 0.0161373 0.761389 
1.56939 -0.480473 -3.0402 0.0598611 0.0140188 0.0564558 0.801747 
-2.4552 -0.59938 -0.106817 0.0105154 -0.0772546 -0.0567257 1.30133 
-0.149878 -3.31896 -3.07814 -0.0143806 0.00910739 0.0387582 0.109211 
3.05645 -0.24111 -3.90929 -0.0275396 -0.0321136 -0.00157361 0.840863 
-2.11864 -1.29184 -4.11653 0.0442736 0.0493137 -0.0340014 0.612551 
3.42117 -2.54087 3.36067 0.00127068 0.0612473 0.00339866 0.227588 
0.168368 3.96461 -1.5075 -0.0165426 -0.0100123 0.018212 0.421069 
-0.990277 0.877574 -1.29056 -0.0236833 -0.0424378 0.0448748 1.13432 
-3.43166 1.52418 2.39956 -0.00177624 0.00141721 0.00869829 0.574636 
1.19831 0.831142 2.36623 0.0308982 -0.0170282 0.000561875 0.531477 
-0.423876 -1.61105 -3.74814 0.0199363 0.0315425 -0.0119253 0.783959 
-3.11968 1.52343 3.25373 0 0 0 0.1103 
-2.4801 -1.42952 -1.86893 0 0 0 0.209652 
2.33058 1.46847 2.27963 0.00731692 -0.0138578 0.051129 0.430513 
-3.84034 -0.609785 2.69553 -0.00422086 -0.0160814 -0.0121355 1.19612 
-0.821506 -1.16524 3.03991 -0.0452966 -0.00520238 0.0548395 0.189884 
-1.47732 2.90416 -3.30648 0.037004 -0.00366824 0.0571576 0.82734 
-3.96135 -2.55935 -1.99334 0.00136752 0.00151165 -0.00153017 0.0727152 
2.42612 -1.82478 3.72054 0.00510448 0.0059561 -0.0199438 0.835119 
0.434996 -1.66971 1.05759 -0.00246468 -0.00464082 0.00530393 0.673071 
4.09025 3.54469 1.16095 0.011561 -0.0194312 0.0110364 0.665442 
-2.69728 1.67962 2.03796 -0.014944 0.0128119 -0.0243191 0.836554 
-1.20171 2.48731 -1.32248 0 0 0 0.0991051 
-3.60205 -1.50271 -0.124255 -0.0792303 -0.00249821 -0.0681742 1.61675 
2.35592 2.89459 2.43469 0.0401219 0.0188189 -0.0471213 0.612575 
3.30668 3.8396 0.694297 -0.0362892 0.0183727 0.0105596 1.23503 
1.05313 -2.85167 3.72549 0.0198764 0.0549163 -0.00867911 0.514437 
-0.196717 -3.9312 2.75298 -0.027943 -0.017336 -0.0172641 0.618644 
3.28131 3.64027 2.47235 0 0 0 0.0626635 
0.0259236 3.33326 -0.0468818 -0.00150906 0.00894537 -0.0513965 0.669378 
-2.40096 -1.47868 0.698518 0.0182078 0.057627 -0.0122534 0.247962 
-3.12223 1.01833 -1.92253 -0.00686049 0.0077025 0.00238457 0.390074 
0.98509 -1.35649 0.363115 0.00225468 0.0236181 -0.00246969 0.638026 
0.339415 0.904499 -3.42062 0.0294654 0.047795 0.0567037 1.45816 
1.25842 3.39511 2.39847 -0.0137033 0.0286506 -0.0127055 0.370458 
3.91327 -3.40085 0.594262 -0.0282546 0.0248872 0.0193524 0.460146 
2.87991 -2.87975 -1.51916 0.0203529 -0.0180315 0.0656308 0.774685 
-1.68756 -1.52927 -1.85016 -0.0155095 -0.043704 -0.0708469 1.05989 
0.156994 -4.01272 -3.64068 -0.010409 -0.000870905 -0.0330067 0.234992 
-1.45108 -3.95431 2.52693 -0.00809602 -0.0115515 0.0334093 0.109656 
4.05417 1.02729 -0.360156 -0.0108478 0.0414214 -0.0546625 0.899366 
1.07795 -3.96441 2.73448 0.0628106 -0.0322156 0.0629085 0.787717 
-1.86968 1.83722 2.11575 0.0200875 0.0539494 0.116379 0.416167 
-2.18325 3.60703 -4.08024 -0.0152443 -0.0278303 0.0230282 1.21373 
3.34185 -0.2161 -1.21045 0.0416106 0.0777665 0.0548194 0.127311 
0.0197961 -1.03923 -0.795534 -0.00577397 -0.00268549 0.022612 0.713701 
3.56456 -2.77844 3.98547 0 0 0 0.323435 
1.32985 2.81663 0.517955 -0.0127794 -0.0121974 -0.0142145 0.257825 
-3.05079 1.00226 -2.11294 -0.00216259 -0.00269865 -0.033782 0.86864 
1.74731 -2.68362 -1.35531 0.00167 0.000342572 0.0130349 1.07423 
0.102643 -1.72755 -3.8125 -0.0166171 0.022303 -0.00571968 1.26741 
1.53505 -3.29271 3.423 0 0 0 0.225093 
-3.09874 3.08689 -3.64103 0.0156218 -0.0317201 -0.119341 1.24543 
0.210016 -2.1616 4.00182 0.0634451 0.0105143 -0.0803588 0.781239 
0.714594 -2.87698 3.91033 0 0 0 0.290989 
0.974142 0.888214 -2.95651 -0.0415325 -0.0470717 -0.00616991 1.5639 
-0.32194 -0.773977 0.209379 0.0294268 -0.00022008 -0.0230816 0.841375 
-2.29477 -2.05716 1.02195 0 0 0 0.0731437 
-2.29145 -0.169716 2.20446 0.0470121 -0.0111639 0.00772343 0.894192 
-1.08513 1.15627 3.81304 0.0125699 0.0161241 0.0341251 0.997581 
-0.670138 -3.24677 1.7784 -0.0476346 -0.114724 -0.00183248 0.632887 
-0.236066 2.34829 -0.567448 0.0482811 -0.00304072 0.0139062 0.189504 
2.0903 0.482091 3.49777 0.0122679 0.00713204 0.0145288 0.404346 
1.51219 1.62675 -2.68709 -0.0154723 0.0070628 -0.00337305 0.633597 
-2.62387 3.12182 1.93987 0.00252225 0.00392086 -0.0264887 0.289311 
-4.06034 -1.30992 3.66632 -0.00356841 -0.00245468 0.00145674 0.138345 
-3.28658 1.09707 2.24224 0.0026348 -0.0295411 0.0109273 0.604265 
0.454329 3.42735 3.36199 0.063667 -0.0340909 0.0605342 1.49847 
2.38808 1.16874 0.400245 0.00837462 0.0314912 0.0224664 0.792672 
0.456006 0.176243 -0.952283 0.0108435 0.00841588 0.000682652 0.127521 
3.64333 0.232683 -2.77785 -0.0648242 0.0023466 0.00983932 0.833787 
0.0215699 -3.52888 3.40202 0.0146635 -0.0272135 -0.0126868 1.00087 
1.39601 3.77308 2.59717 0.0449161 -0.0655292 0.0029084 1.2575 
2.30218 2.48354 3.23878 -0.0459058 0.00729008 -0.00310558 0.27434 
-0.819139 1.99176 -3.5654 0.00236823 0.106058 -0.00956565 1.82727 
-2.1733 -3.51642 0.879546 0.0232949 -0.0358786 0.0110958 0.907223 
