-2.692 -1.11528 1.71244 0.51551
0.850577 1.05271 -2.16894 0.584713
1.29733 -0.806367 2.68594 0.373204
2.96177 -1.32084 2.23153 0.163996
0.954027 0.310208 0.114321 0.901244
2.336 -0.621315 2.27713 0.778652
0.754353 -1.71709 -1.37113 0.174661
-1.32473 -2.1466 -2.04664 0.540456
-0.806824 0.883631 2.89036 0.902373
-2.30277 -1.43098 -2.94413 1.00714
-2.31754 -1.17119 -0.927657 1.09158
-2.25192 2.40899 2.57956 1.39645
-1.01075 0.526964 -0.36188 1.17481
-0.177766 0.184601 2.59153 0.0567483
1.99788 2.97689 0.724371 0.188506
0.264956 -0.646696 -0.801449 0.713058
-1.19144 -0.631533 -2.11949 0.679722
0.728374 -2.47817 -2.6771 0.183869
0.840789 -0.836892 1.46269 0.972724
-2.60753 1.67005 0.646396 0.998053
0.945238 1.06345 -1.06152 0.564762
0.312636 1.35657 -2.89235 0.371394
-2.97661 -0.342441 2.97393 0.266122
-2.67979 0.0198649 -2.91039 0.116337
1.66768 -1.42769 -0.227433 0.00489775
0.1511 2.4676 -0.083661 0.601406
-0.0996901 -1.30329 1.04929 0.146305
-0.237422 -2.09908 0.04813 0.339118
-1.593 -1.83888 1.77757 0.593722
1.50573 2.26214 2.67948 1.2554
-0.299014 -1.4226 -0.546722 0.284123
1.29597 -1.50718 0.316669 0.397226
1.90849 -0.627627 -1.71071 1.47498
0.771081 0.303281 2.66637 0.894301
0.820477 -2.62589 1.11329 1.10665
-0.849098 -2.26314 -0.862969 0.772192
2.8169 0.676069 -0.436812 0.807654
0.607606 -0.925176 -3.01749 0.404538
1.64007 0.821369 -0.962695 0.177642
-2.13373 0.682925 -1.8864 1.12587
-2.20263 -2.62505 1.3239 0.197105
1.39045 -2.77645 -1.60587 1.09342
-2.9934 -1.99909 -1.92154 0.371943
0.142081 1.5148 1.30462 1.17234
0.0328197 -0.666179 -2.6232 0.137949
-0.604468 -1.72493 1.37842 0.439523
1.67833 1.99957 -0.0233352 1.03532
-0.453885 -2.79862 2.66198 1.21284
-1.48851 1.90358 -0.00084275 0.3319
-0.495469 -0.183521 1.0862 0.616682
-0.30042 1.72082 -0.0442926 0.283229
-0.840551 2.02672 -0.184972 0.357765
1.18572 -1.8989 2.77007 0.762402
-0.0681016 0.157591 -1.94697 0.742818
-0.0150494 -1.54096 -2.07493 0.890249
-1.69142 -0.636652 1.34543 0.705918
-2.658 0.799617 1.79094 0.503099
-2.71311 -2.47213 -2.3952 0.251888
-0.0206653 -0.507466 0.259064 0.395076
0.34379 -1.8857 -0.79978 0.553926
-2.43339 2.70346 -1.1075 1.34802
-2.7912 0.00593751 -1.00196 0.167485
2.17513 1.50914 -1.71308 0.915021
1.03629 -1.12617 -0.276999 0.297619
0.507729 0.0326142 -1.27723 0.153663
1.09853 -0.858654 0.236229 0.285714
2.36596 2.57997 1.21506 0.54178
-0.63614 -0.856343 2.48076 0.96425
-1.45232 0.761586 1.44124 0.78444
-0.106256 -2.6964 -0.195179 0.319821
2.46168 -2.32447 -2.75012 0.699505
2.72628 0.710092 2.89512 0.841708
-0.830212 -0.998205 -1.03913 0.558264
-2.35533 0.146421 0.568983 0.635496
2.46996 -2.14584 1.75707 0.911373
-1.23911 1.64499 0.667332 0.428957
1.64696 0.841159 -2.67488 0.414545
-1.89929 0.777158 0.570005 0.136871
1.23128 -1.81232 -0.443936 0.436047
-0.951199 -1.24363 0.288401 0.801447
-0.257438 0.24885 1.93922 0.387544
0.668667 -2.70883 -0.34413 0.471351
1.28235 -1.66729 1.85759 0.0394977
2.00314 0.795641 1.41982 0.932595
-0.380569 2.12409 -1.68816 1.25607
-0.782652 0.402518 -1.77856 0.0310906
-2.75198 -0.13913 1.58302 0.492516
2.52528 -2.14553 -1.156 0.285579
0.348313 -1.40471 0.189531 0.583403
-1.14092 -2.96441 0.688915 1.07126
-2.04334 0.0307276 2.51034 0.706519
0.339381 1.43844 -0.315383 0.471269
0.71423 0.545272 -1.58049 0.204206
-2.33895 -1.74157 0.689968 0.771922
0.350539 0.391284 -0.97077 0.345357
1.10093 1.93088 -1.25304 0.349337
-0.631714 -1.32692 -0.517836 0.0414991
-2.75147 -2.94089 0.854087 0.591375
2.32555 -2.32935 -0.00911364 0.898373
2.40052 -0.704275 0.526049 1.05913
